1
2
3
4
4
4
5
6
6
7
7
8
8
7
5
5
4
3
3
2
2
1
4
6
7
7
6
4
3
1
2
3
4
4
4
5
6
6
7
7
8
8
7
5
5
4
3
3
2
2
1
4
6
7
7
6
4
3
1
2
3
4
4
4
5
6
6
7
7
8
8
7
5
5
4
3
3
2
2
1
4
6
7
7
6
4
3
1
2
3
4
4
4
5
6
6
7
7
8
8
7
5
5
4
3
3
2
2
1
4
6
7
7
6
4
3
1
2
3
4
4
4
5
6
6
7
7
8
8
7
5
5
4
3
3
2
2
1
4
6
7
7
6
4
3
1
2
3
4
4
4
5
6
6
7
7
8
8
7
5
5
4
3
3
2
2
1
4
6
7
7
6
4
3
1
2
3
4
4
4
5
6
6
7
7
8
8
7
5
5
4
3
3
2
2
1
4
6
7
7
6
4
3
1
2
3
4
4
4
5
6
6
7
7
8
8
7
5
5
4
3
3
2
2
1
4
6
7
7
6
4
3
1
2
3
4
4
4
5
6
6
7
7
8
8
7
5
5
4
3
3
2
2
1
4
6
7
7
6
4
3
1
2
3
4
4
4
5
6
6
7
7
8
8
7
5
5
4
3
3
2
2
1
4
6
7
7
6
4
3
1
2
3
4
4
4
5
6
6
7
7
8
8
7
5
5
4
3
3
2
2
1
4
6
7
7
6
4
3
1
2
3
4
4
4
5
6
6
7
7
8
8
7
5
5
4
3
3
2
2
1
4
6
7
7
6
4
3
1
2
3
4
4
4
5
6
6
7
7
8
8
7
5
5
4
3
3
2
2
1
4
6
7
7
6
4
3
1
2
3
4
4
4
5
6
6
7
7
8
8
7
5
5
4
3
3
2
2
1
4
6
7
7
6
4
3
100